function out1 = gradEval(in1)
%GRADEVAL
%    OUT1 = GRADEVAL(IN1)

%    This function was generated by the Symbolic Math Toolbox version 8.3.
%    10-Oct-2020 07:08:03

vars1 = in1(1,:);
vars2 = in1(2,:);
vars3 = in1(3,:);
vars4 = in1(4,:);
vars5 = in1(5,:);
vars6 = in1(6,:);
vars7 = in1(7,:);
vars8 = in1(8,:);
vars9 = in1(9,:);
vars10 = in1(10,:);
out1 = [vars1.*4.265237605875903+vars2.*3.625136986888938+vars3.*4.854886341388725+vars4.*4.128865903526059+vars5.*5.262819573863795+vars6.*4.503807169440153+vars7.*3.535792975602529+vars8.*4.46873748278098+vars9.*4.103661321655402+vars10.*3.791091691941651+8.619804787020722e-1;vars1.*3.625136986888938+vars2.*3.822628902223067+vars3.*4.459411547607299+vars4.*4.064473744992354+vars5.*5.060161191547968+vars6.*4.24740437417917+vars7.*3.099293220052563+vars8.*4.254299256212013+vars9.*3.864116238866896+vars10.*3.276100304767523+9.898721536315039e-1;vars1.*4.854886341388725+vars2.*4.459411547607299+vars3.*7.754218544228666+vars4.*6.207947364086086+vars5.*7.554267750410332+vars6.*6.918886205417895+vars7.*6.164535539385931+vars8.*6.345265569708246+vars9.*6.914043894515698+vars10.*5.94575596660813+5.144234565057044e-1;vars1.*4.128865903526059+vars2.*4.064473744992354+vars3.*6.207947364086086+vars4.*6.169579516688316+vars5.*6.055358376447402+vars6.*5.996499263733931+vars7.*4.761871478363493+vars8.*5.878424997820465+vars9.*6.134266411842343+vars10.*4.5327131087763+8.842810231269553e-1;vars1.*5.262819573863795+vars2.*5.060161191547968+vars3.*7.554267750410332+vars4.*6.055358376447402+vars5.*8.332085253428142+vars6.*6.506232352377824+vars7.*6.081228733458051+vars8.*6.067914837260832+vars9.*7.242519185255363+vars10.*6.639272218658881+5.880260553084975e-1;vars1.*4.503807169440153+vars2.*4.24740437417917+vars3.*6.918886205417895+vars4.*5.996499263733931+vars5.*6.506232352377824+vars6.*7.276500384529948+vars7.*5.489522689674399+vars8.*6.674333445832177+vars9.*5.949064827361329+vars10.*5.145801906452926+1.547523486560447e-1;vars1.*3.535792975602529+vars2.*3.099293220052563+vars3.*6.164535539385931+vars4.*4.761871478363493+vars5.*6.081228733458051+vars6.*5.489522689674399+vars7.*5.946910434290108+vars8.*5.192156066196001+vars9.*6.121396270757972+vars10.*5.774761013435628+1.99862822857452e-1;vars1.*4.46873748278098+vars2.*4.254299256212013+vars3.*6.345265569708246+vars4.*5.878424997820465+vars5.*6.067914837260832+vars6.*6.674333445832177+vars7.*5.192156066196001+vars8.*7.862880470956186+vars9.*5.819201696582764+vars10.*4.942380530325368+4.069548371389068e-1;vars1.*4.103661321655402+vars2.*3.864116238866896+vars3.*6.914043894515698+vars4.*6.134266411842343+vars5.*7.242519185255363+vars6.*5.949064827361329+vars7.*6.121396270757972+vars8.*5.819201696582764+vars9.*8.268031499814237+vars10.*7.03557787397998+7.487057182156914e-1;vars1.*3.791091691941651+vars2.*3.276100304767523+vars3.*5.94575596660813+vars4.*4.5327131087763+vars5.*6.639272218658881+vars6.*5.145801906452926+vars7.*5.774761013435628+vars8.*4.942380530325368+vars9.*7.03557787397998+vars10.*7.013708926675928+8.255838157861556e-1];
